101 000
104 0010
115 0011
110 0100
118 0101000
33 0101001000
72 0101001001
66 0101001010
106 01010010110
68 01010010111
80 01010011
109 010101
10 01011
108 01100
85 011010000
76 011010001
89 0110100100
39 01101001010
49 0110100101100
50 01101001011010
51 011010010110110
53 0110100101101110
88 011010010110111100000
86 011010010110111100001
92 0110100101101111000100
124 01101001011011110001010
123 01101001011011110001011
81 011010010110111100011
62 0110100101101111001
61 0110100101101111010
60 0110100101101111011
48 011010010110111110
37 011010010110111111000000000
36 011010010110111111000000001
42 0110100101101111110000000100
41 0110100101101111110000000101
35 011010010110111111000000011
94 0110100101101111110000001
90 011010010110111111000001
75 01101001011011111100001
34 011010010110111111000100000
126 011010010110111111000100001
125 01101001011011111100010001
40 01101001011011111100010010
38 01101001011011111100010011
120 0110100101101111110001010
96 0110100101101111110001011
91 01101001011011111100011
56 011010010110111111001
52 01101001011011111101
74 011010010110111111100
70 011010010110111111101
54 011010010110111111110
64 011010010110111111111000
122 011010010110111111111001000
47 0110100101101111111110010010
43 0110100101101111111110010011
95 01101001011011111111100101
93 0110100101101111111110011
57 01101001011011111111101
55 0110100101101111111111
113 011010010111
87 011010011
83 01101010
67 01101011
102 011011
111 0111
117 10000
44 100010
98 1000110
46 1000111
116 1001
97 1010
100 10110
84 10111000
69 101110010
58 101110011
103 1011101
121 101111
112 1100000
73 11000010
65 11000011
119 110001
114 11001
99 110100
45 110101000
82 1101010010
77 1101010011
78 110101010
63 110101011
79 110101100
107 110101101
59 110101110
71 110101111
105 11011
32 111
