101 000
84 0010000
34 0010001
46 001001
117 00101
103 00110
100 00111
105 0100
97 0101
98 011000
118 011001
121 01101
114 0111
102 100000
89 100001000
77 100001001
112 10000101
107 10000110
69 100001110000
83 10000111000100000
38 100001110001000010
85 1000011100010000110
87 10000111000100001110
41 100001110001000011110
90 1000011100010000111110
92 10000111000100001111110
93 100001110001000011111110
43 1000011100010000111111110
94 10000111000100001111111110
96 100001110001000011111111110
81 10000111000100001111111111100000
53 100001110001000011111111111000010
52 100001110001000011111111111000011
75 1000011100010000111111111110001
125 100001110001000011111111111001
49 10000111000100001111111111101
67 10000111000100001111111111110
126 1000011100010000111111111111100000
91 100001110001000011111111111110000100
56 1000011100010000111111111111100001010
55 1000011100010000111111111111100001011
86 10000111000100001111111111111000011
79 100001110001000011111111111110001
37 1000011100010000111111111111100100
47 10000111000100001111111111111001010000
61 1000011100010000111111111111100101000100
60 1000011100010000111111111111100101000101
59 1000011100010000111111111111100101000110
64 10000111000100001111111111111001010001110
63 10000111000100001111111111111001010001111
95 10000111000100001111111111111001010010
106 100001110001000011111111111110010100110
51 10000111000100001111111111111001010011100
62 10000111000100001111111111111001010011101
122 1000011100010000111111111111100101001111
88 100001110001000011111111111110010101
54 10000111000100001111111111111001011
35 100001110001000011111111111110011
71 1000011100010000111111111111101
48 1000011100010000111111111111110
113 10000111000100001111111111111110
50 1000011100010000111111111111111100
124 1000011100010000111111111111111101
123 1000011100010000111111111111111110
66 10000111000100001111111111111111110
65 10000111000100001111111111111111111
80 1000011100010001
78 100001110001001
33 10000111000101
72 1000011100011
68 100001110010
42 1000011100110000000
58 10000111001100000010
57 10000111001100000011
40 100001110011000001
82 10000111001100001
36 1000011100110001
74 100001110011001
73 10000111001101
70 1000011100111
45 1000011101
120 1000011110
39 1000011111
44 100010
109 100011
111 1001
108 10100
76 10101000
99 10101001
10 1010101
119 101011
116 1011
110 1100
115 11010
104 11011
32 111
