111 0000
108 0001
10 001
101 010
102 011000
107 0110010
120 01100110
113 011001110
75 01100111100000
41 011001111000010
77 011001111000011
71 0110011110001
74 01100111100100
73 01100111100101
69 01100111100110
39 0110011110011100
45 011001111001110100000
90 0110011110011101000010
47 01100111100111010000110
91 011001111001110100001110
93 0110011110011101000011110
49 01100111100111010000111110
95 011001111001110100001111110
50 0110011110011101000011111110
67 011001111001110100001111111100
35 011001111001110100001111111101
123 011001111001110100001111111110
124 0110011110011101000011111111110
51 01100111100111010000111111111110
125 011001111001110100001111111111110
70 011001111001110100001111111111111000
80 011001111001110100001111111111111001000
58 0110011110011101000011111111111110010010
57 0110011110011101000011111111111110010011
76 01100111100111010000111111111111100101
38 0110011110011101000011111111111110011
68 01100111100111010000111111111111101
36 011001111001110100001111111111111100
56 0110011110011101000011111111111111010000
88 011001111001110100001111111111111101000100
61 01100111100111010000111111111111110100010100
32 01100111100111010000111111111111110100010101
60 0110011110011101000011111111111111010001011
84 01100111100111010000111111111111110100011
78 011001111001110100001111111111111101001
55 01100111100111010000111111111111110101
72 0110011110011101000011111111111111011
54 0110011110011101000011111111111111100
42 011001111001110100001111111111111110100
33 01100111100111010000111111111111111010100000
62 01100111100111010000111111111111111010100001
94 0110011110011101000011111111111111101010001
66 011001111001110100001111111111111110101001000
65 011001111001110100001111111111111110101001001
34 011001111001110100001111111111111110101001010
64 011001111001110100001111111111111110101001011
48 0110011110011101000011111111111111101010011
86 01100111100111010000111111111111111010101
59 0110011110011101000011111111111111101011
40 01100111100111010000111111111111111011
53 0110011110011101000011111111111111110
126 0110011110011101000011111111111111111
83 01100111100111010001
82 0110011110011101001
81 011001111001110101
85 011001111001110110000
89 0110011110011101100010
87 0110011110011101100011
43 01100111100111011001
46 011001111001110110100
96 01100111100111011010100
52 011001111001110110101010
63 011001111001110110101011
92 0110011110011101101011
44 01100111100111011011
79 011001111001110111
37 011001111001111
122 01100111101
106 0110011111
103 01101
116 0111
117 10000
121 100010
104 100011
97 1001
110 1010
114 1011
99 11000
98 110010
119 1100110
118 1100111
105 1101
115 1110
100 11110
109 111110
112 111111
