101 000
115 0010
105 0011
104 0100
110 0101
79 01100000000
41 011000000010
40 011000000011
78 0110000001
54 011000001000000
47 011000001000001
52 011000001000010
42 011000001000011
86 01100000100010
50 011000001000110
53 011000001000111
70 011000001001
71 01100000101
113 0110000011
77 011000010
84 011000011
107 0110001
112 011001
46 0110100
118 0110101
121 011011
111 0111
97 1000
89 10010000000
122 100100000010
58 1001000000110
34 1001000000111
87 1001000001
72 1001000010
76 100100001100
74 100100001101
67 10010000111
65 1001000100
66 1001000101
63 1001000110
81 10010001110
68 10010001111
45 10010010
33 1001001100
69 100100110100
51 100100110101000
57 1001001101010010
56 1001001101010011
49 10010011010101
48 100100110101100
55 1001001101011010
95 10010011010110110
36 1001001101011011100
43 10010011010110111010000
126 10010011010110111010001000
125 10010011010110111010001001
92 1001001101011011101000101
124 10010011010110111010001100
123 10010011010110111010001101
62 1001001101011011101000111
38 10010011010110111010010
60 100100110101101110100110
96 10010011010110111010011100
94 10010011010110111010011101
61 1001001101011011101001111
93 100100110101101110101
91 100100110101101110110
90 100100110101101110111
37 100100110101101111000
35 100100110101101111001
64 10010011010110111101
88 1001001101011011111
85 10010011010111
75 10010011011
120 1001001110
80 100100111100
82 100100111101
106 10010011111
102 100101
108 10011
116 1010
103 101100
44 101101
119 101110
99 101111
100 11000
109 110010
10 110011
117 110100
98 1101010
59 1101011000
83 1101011001
73 110101101
39 11010111
114 11011
32 111
